# command line for debug

mkdir Debug
cd Debug
cmake -DCMAKE_BUILD_TYPE=Debug ..
make

# result

$>./bill 
bill: you passed Hello World
fred : you passed 0
1: 0 0 0 0 0 0 0 0 0 0 0 0 0 0 0 0 0 0 0 0 0 0 0 0 0 0 0 0 0 0 0 0 0 0 0 0 0 0 0 1 1 1 1 1 1 1 1 1 1 
2: 0 0 0 0 0 0 0 0 0 0 0 0 0 0 0 0 0 0 0 1 1 1 1 1 1 1 1 1 1 1 1 1 1 1 1 1 1 1 1 2 2 2 2 2 2 2 2 2 2 
3: 0 0 0 0 0 0 0 0 0 0 0 0 0 1 1 1 1 1 1 1 1 1 1 1 1 1 2 2 2 2 2 2 2 2 2 2 2 2 2 3 3 3 3 3 3 3 3 3 3 
4: 0 0 0 0 0 0 0 0 0 1 1 1 1 1 1 1 1 1 1 2 2 2 2 2 2 2 2 2 2 3 3 3 3 3 3 3 3 3 3 4 4 4 4 4 4 4 4 4 4 
5: 0 0 0 0 0 0 0 1 1 1 1 1 1 1 1 2 2 2 2 2 2 2 2 3 3 3 3 3 3 3 3 4 4 4 4 4 4 4 4 5 5 5 5 5 5 5 5 6 6 
6: 0 0 0 0 0 0 1 1 1 1 1 1 1 2 2 2 2 2 2 3 3 3 3 3 3 3 4 4 4 4 4 4 4 5 5 5 5 5 5 6 6 6 6 6 6 6 7 7 7 
7: 0 0 0 0 0 1 1 1 1 1 1 2 2 2 2 2 2 3 3 3 3 3 4 4 4 4 4 4 5 5 5 5 5 5 6 6 6 6 6 7 7 7 7 7 7 8 8 8 8 
8: 0 0 0 0 1 1 1 1 1 2 2 2 2 2 3 3 3 3 3 4 4 4 4 4 5 5 5 5 5 6 6 6 6 6 7 7 7 7 7 8 8 8 8 8 9 9 9 9 9 
9: 0 0 0 0 1 1 1 1 2 2 2 2 2 3 3 3 3 4 4 4 4 4 5 5 5 5 6 6 6 6 6 7 7 7 7 8 8 8 8 9 9 9 9 9 10 10 10 10 11 
10: 0 0 0 1 1 1 1 2 2 2 2 3 3 3 3 4 4 4 4 5 5 5 5 6 6 6 6 7 7 7 7 8 8 8 8 9 9 9 9 10 10 10 10 11 11 11 11 12 12 
11: 0 0 0 1 1 1 1 2 2 2 3 3 3 3 4 4 4 4 5 5 5 6 6 6 6 7 7 7 7 8 8 8 9 9 9 9 10 10 10 11 11 11 11 12 12 12 12 13 13 
12: 0 0 0 1 1 1 2 2 2 3 3 3 3 4 4 4 5 5 5 6 6 6 6 7 7 7 8 8 8 9 9 9 9 10 10 10 11 11 11 12 12 12 12 13 13 13 14 14 14 
13: 0 0 0 1 1 1 2 2 2 3 3 3 4 4 4 5 5 5 6 6 6 7 7 7 8 8 8 9 9 9 10 10 10 11 11 11 12 12 12 13 13 13 13 14 14 14 15 15 15 
14: 0 0 1 1 1 2 2 2 3 3 3 4 4 4 5 5 5 6 6 7 7 7 8 8 8 9 9 9 10 10 10 11 11 11 12 12 12 13 13 14 14 14 15 15 15 16 16 16 17 
15: 0 0 1 1 1 2 2 3 3 3 4 4 4 5 5 6 6 6 7 7 7 8 8 9 9 9 10 10 10 11 11 12 12 12 13 13 13 14 14 15 15 15 16 16 16 17 17 18 18 
16: 0 0 1 1 2 2 2 3 3 4 4 4 5 5 6 6 6 7 7 8 8 8 9 9 10 10 10 11 11 12 12 12 13 13 14 14 14 15 15 16 16 16 17 17 18 18 18 19 19 
17: 0 0 1 1 2 2 2 3 3 4 4 5 5 5 6 6 7 7 8 8 8 9 9 10 10 11 11 11 12 12 13 13 14 14 14 15 15 16 16 17 17 17 18 18 19 19 19 20 20 
18: 0 0 1 1 2 2 3 3 4 4 4 5 5 6 6 7 7 8 8 9 9 9 10 10 11 11 12 12 13 13 13 14 14 15 15 16 16 17 17 18 18 18 19 19 20 20 21 21 22 
19: 0 0 1 1 2 2 3 3 4 4 5 5 6 6 7 7 8 8 9 9 9 10 10 11 11 12 12 13 13 14 14 15 15 16 16 17 17 18 18 19 19 19 20 20 21 21 22 22 23 
20: 0 1 1 2 2 3 3 4 4 5 5 6 6 7 7 8 8 9 9 10 10 11 11 12 12 13 13 14 14 15 15 16 16 17 17 18 18 19 19 20 20 21 21 22 22 23 23 24 24 
21: 0 1 1 2 2 3 3 4 4 5 5 6 6 7 7 8 8 9 9 10 11 11 12 12 13 13 14 14 15 15 16 16 17 17 18 18 19 19 20 21 21 22 22 23 23 24 24 25 25 
22: 0 1 1 2 2 3 3 4 4 5 6 6 7 7 8 8 9 9 10 11 11 12 12 13 13 14 14 15 15 16 17 17 18 18 19 19 20 20 21 22 22 23 23 24 24 25 25 26 26 
23: 0 1 1 2 2 3 4 4 5 5 6 6 7 8 8 9 9 10 10 11 12 12 13 13 14 14 15 16 16 17 17 18 18 19 20 20 21 21 22 23 23 24 24 25 25 26 27 27 28 
24: 0 1 1 2 3 3 4 4 5 6 6 7 7 8 9 9 10 10 11 12 12 13 13 14 15 15 16 16 17 18 18 19 19 20 21 21 22 22 23 24 24 25 25 26 27 27 28 28 29 
25: 0 1 1 2 3 3 4 5 5 6 6 7 8 8 9 10 10 11 11 12 13 13 14 15 15 16 16 17 18 18 19 20 20 21 21 22 23 23 24 25 25 26 26 27 28 28 29 30 30 
26: 0 1 1 2 3 3 4 5 5 6 7 7 8 9 9 10 11 11 12 13 13 14 14 15 16 16 17 18 18 19 20 20 21 22 22 23 24 24 25 26 26 27 27 28 29 29 30 31 31 
27: 0 1 2 2 3 4 4 5 6 6 7 8 8 9 10 10 11 12 12 13 14 14 15 16 16 17 18 18 19 20 20 21 22 22 23 24 24 25 26 27 27 28 29 29 30 31 31 32 33 
28: 0 1 2 2 3 4 4 5 6 7 7 8 9 9 10 11 11 12 13 14 14 15 16 16 17 18 18 19 20 21 21 22 23 23 24 25 25 26 27 28 28 29 30 30 31 32 32 33 34 
29: 0 1 2 2 3 4 5 5 6 7 7 8 9 10 10 11 12 13 13 14 15 15 16 17 18 18 19 20 21 21 22 23 23 24 25 26 26 27 28 29 29 30 31 31 32 33 34 34 35 
30: 0 1 2 3 3 4 5 6 6 7 8 9 9 10 11 12 12 13 14 15 15 16 17 18 18 19 20 21 21 22 23 24 24 25 26 27 27 28 29 30 30 31 32 33 33 34 35 36 36 
31: 0 1 2 3 3 4 5 6 6 7 8 9 10 10 11 12 13 13 14 15 16 17 17 18 19 20 20 21 22 23 24 24 25 26 27 27 28 29 30 31 31 32 33 34 34 35 36 37 37 
32: 0 1 2 3 4 4 5 6 7 8 8 9 10 11 12 12 13 14 15 16 16 17 18 19 20 20 21 22 23 24 24 25 26 27 28 28 29 30 31 32 32 33 34 35 36 36 37 38 39 
Assertion failed: ((int)(i*j/40) < 40), function fred, file [폴더이름]/fred.c, line 12.
33: 0 1 2 3 4 4 5 6 7 8 9 9 10 11 12 13 14 14 15 16 17 18 18 19 20 21 22 23 23 24 25 26 27 28 28 29 30 31 32 33 33 34 35 36 37 37 38 39 [1]    23329 abort      ./bill
